date: 30/08/2016
black line
294,	265,	148,	90,	90,	178,	265,	75	
2267,	1829,	1142,	706,	748,	1289,	1829,	1011

black line 8:26 PM
59, 248, 161, 88, 88, 160, 278, 278, 
965, 1787, 1274, 731, 701, 1155, 1889, 2329, 

date: 31/08/16
black line, old sensor
89, 266, 192, 90, 90, 177, 266, 296, 
815, 1796, 1305, 784, 784, 1200, 1854, 2257, 

time: 10:52
white line, old sensor
104, 309, 220, 118, 118, 206, 308, 336, 
2092, 2500, 2500, 1852, 1840, 2500, 2500, 2500, 

time 11:17
black line, old sensor
75, 266, 178, 89, 89, 162, 252, 251, 
652, 1573, 1141, 680, 666, 1082, 2109, 1765,

time 11:30
black line, new
222, 133, 147, 222, 148, 104, 118, 194, 
1529, 904, 947, 1321, 934, 680, 785, 1484, 

white line, new //currently using
322, 191, 205, 249, 177, 118, 133, 235, 
2500, 2500, 2500, 2500, 2500, 2124, 2376, 2500, 

black line, new //currently using
206, 118, 133, 207, 133, 89, 104, 179, 
1425, 830, 874, 1261, 890, 622, 740, 1383,



time:5:46
//white line
LOW VALUES:
201, 115, 129, 201, 130, 87, 101, 187, 
25, 85, 3, 14, 42, 1112, 209, 199, 
HIGH VALUES:
1407, 790, 845, 1248, 847, 602, 704, 1336, 
2, 2, 2, 2, 3, 4, 2, 3, 
//black line
LOW VALUES:
270, 157, 172, 270, 172, 115, 131, 242, 
5, 2, 50, 3, 3, 51, 5, 11, 
HIGH VALUES:
2500, 2492, 2500, 2500, 2500, 1892, 2117, 2500, 
2328, 2, 2, 2282, 20, 2, 2, 2660, 

time 1:15
int min_rc[8] = {201, 115, 129, 201, 130, 87, 101, 187};
int max_rc[8] = {1346, 756, 809, 1195, 811, 576, 673, 1278};



LOW VALUES:
158, 101, 115, 173, 116, 87, 101, 172, 
2, 274, 5, 358, 2, 1215, 635, 24, 
HIGH VALUES:
1395, 818, 918, 1220, 819, 617, 760, 1322, 
2, 2, 2, 2, 2, 2, 2, 2,


186, 101, 115, 173, 130, 87, 115, 200



LOW VALUES:
186, 101, 115, 173, 130, 87, 115, 200, 
223, 2, 4, 6, 988, 5, 392, 27, 
HIGH VALUES:
1464, 946, 1032, 1391, 1103, 859, 1031, 1866, 
2, 3, 2, 3, 2, 2, 5, 2, 
black line 
low = [100 100]
high= [800 800]
white line
low= [100 100]
high= [700 700]
